16 0
17 0
17 0
18 0
17 0
17 0
16 0
17 0
18 0
17 0
17 0
47 1
45 1
48 1
47 1
48 1
47 1
47 1
47 1
46 1
48 1
47 1
50 2
48 2
52 2
49 2
49 2
51 2
52 2
48 2
50 2
49 2
49 2
61 3
60 3
62 3
60 3
60 3
59 3
59 3
60 3
59 3
62 3
60 3
62 4
62 4
63 4
63 4
63 4
63 4
64 4
64 4
64 4
64 4
65 4
60 6
60 6
60 6
60 6
60 6
60 6
59 6
59 6
60 6
60 6
60 6
68 7
67 7
68 7
68 7
66 7
66 7
66 7
67 7
66 7
65 7
64 7
65 8
64 8
64 8
65 8
64 8
64 8
65 8
64 8
66 8
66 8
64 8
61 9
61 9
61 9
61 9
61 9
60 9
61 9
61 9
62 9
63 9
62 9
67 10
67 10
68 10
67 10
67 10
67 10
67 10
67 10
66 10
66 10
67 10
67 10
67 10
67 10
67 10
67 10
68 10
67 10
67 10
67 10
67 10
67 10
70 11
69 11
70 11
69 11
69 11
70 11
70 11
70 11
70 11
70 11
69 11
77 12
75 12
76 12
74 12
74 12
74 12
74 12
74 12
74 12
74 12
74 12
74 13
73 13
73 13
73 13
73 13
71 13
71 13
72 13
72 13
74 13
74 13
68 14
68 14
68 14
68 14
68 14
70 14
70 14
70 14
70 14
70 14
70 14
70 15
74 15
75 15
74 15
75 15
77 15
76 15
74 15
75 15
74 15
76 15
74 16
76 16
72 16
70 16
74 16
71 16
74 16
74 16
71 16
74 16
76 16
67 17
68 17
67 17
65 17
65 17
67 17
67 17
69 17
67 17
68 17
68 17
71 18
72 18
72 18
71 18
72 18
71 18
70 18
70 18
69 18
69 18
70 18
77 19
76 19
75 19
78 19
78 19
80 19
80 19
79 19
80 19
79 19
79 19
82 20
82 20
82 20
81 20
81 20
82 20
83 20
80 20
81 20
81 20
79 20
82 21
81 21
80 21
81 21
80 21
80 21
80 21
80 21
79 21
81 21
81 21
77 22
77 22
77 22
77 22
76 22
77 22
78 22
78 22
78 22
78 22
78 22
